0000000000000000
0000011111100000
0000110111100000
0000110111100000
0001100111100000
0001100111100000
0011000111100000
0011000111100000
0011000111100000
0011000111100000
0011000111100000
0011000111100000
0110000111100000
0110000111100000
0110000111100000
1100000111100000
1100000111100000
1111111111111111
1111111111111111
1111111111111111
0000000111100000
0000000111100000
0000000111100000
0000000111100000
0000000111100000
0000000111100000
0000000111100000
0000000111100000
0000000111100000
0000000111100000
0000000111100000
0000000000000000