0000000000000000
0011111111111000
0011111111111000
0011100000111000
0011100000111000
0011100000111000
0000000000111000
0000000000111000
0000000000111000
0000000000111000
0000000000111000
0000000000111000
0000000000111000
0000000000111000
0000000000111000
0000000000111000
0000000000111000
0000000000111000
0000000000111000
0000000000111000
0000000000111000
0000000000111000
0000000000111000
0000000000111000
0000000000111000
0000000000111000
0000000000111000
0000000000111000
0000000000111000
0000000000111000
0000000000111000
0000000000000000
