0000000000000000
0001111111111000
0001111111111000
0001110000111000
0001110000111000
0001110000111000
0001110000111000
0001110000111000
0001110000111000
0001110000111000
0001110000111000
0001110000111000
0001110000111000
0001110000111000
0001110000111000
0001111111111000
0001111111111000
0001111111111000
0000000000111000
0000000000111000
0000000000111000
0000000000111000
0000000000111000
0000000000111000
0000000000111000
0000000000111000
0000000000111000
0000000000111000
0000000000111000
0001111111111000
0001111111111000
0000000000000000
